[7.907742]
[17.481695]
[20.49335]
[33.6199]
[22.817705]
[21.147205]
[25.340563]
[19.851233]
[18.962687]
[21.33121]
[17.461906]
[16.148914]
[15.129163]
[39.39794]
[19.72213]
[18.827389]
[24.305689]
[17.342241]
[18.387377]
[25.261656]
[9.7982435]
[14.779155]
[19.624578]
[13.201331]
[19.138636]
[24.472044]
[28.894728]
[30.692234]
[9.937102]
[18.669365]
[19.014925]
[13.202328]
[32.41841]
[22.656363]
[17.740467]
[7.1716614]
[15.190338]
[17.797735]
[19.16733]
[24.724253]
[29.271603]
[24.818975]
[13.0713]
[40.551403]
[27.766815]
[24.0398]
[25.820206]
[16.701765]
[21.782051]
[20.767843]
[32.80984]
[19.013954]
[10.592296]
[14.851728]
[34.51549]
[25.304111]
[11.660995]
[46.35072]
[33.628056]
[21.409937]
[23.177961]
[15.941528]
[13.446991]
[19.025745]
[21.632635]
[21.357498]
[11.9878]
[20.947365]
[12.472079]
[5.715416]
[23.953928]
[28.046774]
[25.748379]
[12.579904]
[24.86424]
[16.29736]
[18.102423]
[22.414001]
[32.779095]
[9.524995]
[18.949625]
[35.615635]
[14.986597]
[12.481711]
[16.446081]
[16.07771]
[21.225374]
[19.57891]
[21.199436]
[31.025759]
[18.92119]
[18.476324]
[24.189295]
[39.69372]
[33.786884]
[19.196535]
[33.397938]
[47.533337]
[25.053053]
[45.321667]
[30.410671]
[20.274454]
